20181209 230100;2629;2632.75;2621.25;2622.25;129
20181209 230200;2622.75;2623.25;2621;2621.75;63
20181209 230300;2622.5;2622.5;2619.25;2622.25;59
20181209 230400;2622.25;2622.25;2620.5;2621.75;27
20181209 230500;2621.25;2622.5;2621;2621;5
20181209 230600;2620.5;2622.25;2620;2622;15
20181209 230700;2622.5;2623;2621.75;2621.75;4
20181209 230800;2621.25;2622.5;2621.25;2622.5;3
20181209 230900;2623;2624;2623;2624;2
20181209 231000;2624;2624;2624;2624;2
20181209 231100;2623.25;2623.25;2622.5;2622.5;6
20181209 231300;2621.75;2621.75;2621.75;2621.75;4
20181209 231400;2622.5;2622.5;2622.25;2622.25;14
20181209 231500;2622;2622.25;2621.75;2622.25;21
20181209 231700;2623;2623;2622;2622;2
20181209 232000;2621.75;2621.75;2621.75;2621.75;1
20181209 232100;2621.75;2622;2621.75;2622;11
20181209 232300;2623.5;2623.5;2623.5;2623.5;1
20181209 232400;2623.25;2623.25;2622.5;2622.5;15
20181209 232500;2623;2623;2622.75;2622.75;12
20181209 232600;2622.25;2622.25;2622;2622;45
20181209 232700;2622.25;2622.25;2622;2622;30
20181209 232800;2622.5;2622.5;2622.25;2622.5;11
20181209 232900;2623;2623;2622;2622;2
20181209 233000;2622;2622;2622;2622;6
20181209 233100;2621.5;2621.5;2621.5;2621.5;5
20181209 233200;2622.5;2622.5;2622.5;2622.5;2
20181209 233300;2622.5;2624;2622.5;2623.5;6
20181209 233400;2624;2625;2623.75;2625;8
20181209 233500;2625;2625;2623.75;2624;5
20181209 233600;2624.5;2625;2624.5;2625;4
20181209 233700;2625;2625;2624.5;2624.5;10
20181209 233800;2624;2624.5;2624;2624.25;9
20181209 234000;2626;2626.25;2626;2626.25;6
20181209 234100;2626.25;2628;2626.25;2627.25;9
20181209 234200;2626.75;2627.25;2625.5;2625.5;13
20181209 234300;2625.25;2625.25;2624.5;2624.5;5
20181209 234400;2624.25;2624.25;2623;2623;3
20181209 234500;2623.25;2623.25;2623.25;2623.25;1
20181209 234700;2623;2623;2620.75;2621.25;13
20181209 234800;2620;2620;2614.75;2616.5;63
20181209 234900;2615.75;2617;2614.25;2614.5;24
20181209 235000;2614.5;2617;2614.5;2617;15
20181209 235100;2617;2617;2617;2617;1
20181209 235200;2617.25;2618;2617.25;2618;4
20181209 235300;2618.25;2618.25;2617;2617;3
20181209 235400;2616.25;2616.25;2616.25;2616.25;3
20181209 235500;2616.25;2616.25;2616.25;2616.25;1
20181209 235600;2616.75;2616.75;2616.75;2616.75;1
20181209 235700;2618;2618;2618;2618;6
20181209 235800;2618.25;2618.25;2618.25;2618.25;1
20181209 235900;2618.5;2618.75;2618.25;2618.25;16
20181210 000000;2618.75;2618.75;2618.75;2618.75;1
20181210 000100;2619.25;2620;2619.25;2620;5
20181210 000200;2620;2620;2620;2620;1
20181210 000300;2620;2620.75;2619.25;2620.75;4
20181210 000400;2621;2621.5;2620.75;2621;10
20181210 000500;2621.75;2621.75;2621.25;2621.25;3
20181210 000600;2621.25;2621.25;2620.5;2620.5;8
20181210 000700;2621;2621.5;2620.75;2620.75;52
20181210 000800;2623.25;2623.5;2622.25;2622.5;11
20181210 000900;2623;2623;2623;2623;7
20181210 001100;2623.25;2624.75;2623.25;2624.75;15
20181210 001200;2625;2625.25;2623.75;2623.75;14
20181210 001300;2621.25;2621.25;2621.25;2621.25;1
20181210 001400;2621.25;2621.25;2621.25;2621.25;1
20181210 001500;2621;2621.25;2620.75;2621.25;7
20181210 001600;2621.5;2622.75;2621;2622.75;3
20181210 001800;2620.75;2620.75;2619.5;2619.5;4
20181210 001900;2617.75;2618.5;2617.25;2618.25;7
20181210 002100;2619.5;2619.5;2619;2619.25;3
20181210 002200;2619.75;2620;2619.75;2619.75;3
20181210 002300;2619.75;2620;2619.75;2619.75;4
20181210 002500;2618.5;2619.25;2618.25;2619.25;8
20181210 002600;2618.75;2618.75;2618;2618.25;3
20181210 002700;2617;2617;2615;2615.25;14
20181210 002800;2616;2616.25;2614.75;2615.75;32
20181210 003000;2615.75;2616.25;2615.75;2616.25;3
20181210 003100;2615;2615.75;2615;2615.75;34
20181210 003200;2615.75;2615.75;2615.5;2615.5;7
20181210 003400;2617.25;2618.5;2617;2618.25;7
20181210 003500;2618.75;2618.75;2618.5;2618.5;5
20181210 003600;2618.25;2618.25;2617.5;2617.5;3
20181210 003700;2617.75;2618.25;2617.75;2618.25;5
20181210 003800;2618.5;2618.5;2618.5;2618.5;1
20181210 003900;2619.5;2619.5;2619.5;2619.5;4
20181210 004000;2619.5;2619.75;2619.5;2619.75;2
20181210 004200;2619.5;2619.5;2619;2619;5
20181210 004300;2619.75;2621;2619.75;2621;2
20181210 004400;2620.75;2620.75;2620.75;2620.75;5
20181210 004500;2621.5;2621.5;2621.5;2621.5;1
20181210 004600;2622;2622;2622;2622;2
20181210 004700;2622;2622.5;2622;2622.5;3
20181210 004800;2622.25;2622.25;2622.25;2622.25;1
20181210 005000;2621.25;2621.25;2621.25;2621.25;2
20181210 005100;2622;2622;2621.5;2621.5;5
20181210 005200;2620.5;2620.5;2620.25;2620.25;3
20181210 005300;2619.75;2619.75;2619.75;2619.75;1
20181210 005400;2620;2620;2619.75;2619.75;3
20181210 005500;2619.25;2619.25;2619.25;2619.25;1
20181210 005600;2619.25;2619.25;2618.5;2618.5;2
20181210 005700;2619;2619;2618;2618;3
20181210 005800;2619;2619.25;2619;2619.25;4
20181210 005900;2619.25;2619.25;2619.25;2619.25;1
20181210 010200;2620.5;2621.75;2620.5;2621;10
20181210 010300;2621;2621;2620;2620;5
20181210 010400;2620.25;2620.25;2620.25;2620.25;2
20181210 010500;2619.75;2620.25;2619.75;2620.25;5
20181210 010600;2620;2620;2620;2620;1
20181210 010700;2620.25;2620.5;2619.75;2620.5;5
20181210 010800;2619.75;2619.75;2619.5;2619.5;7
20181210 011000;2620;2620.25;2620;2620.25;2
20181210 011100;2620;2620.5;2619.75;2620;5
20181210 011200;2620.75;2621.5;2620.75;2621.5;7
20181210 011300;2621;2621;2621;2621;1
20181210 011400;2621;2621;2621;2621;10
20181210 011700;2621;2621;2620.25;2620.5;20
20181210 011800;2620.75;2621;2620.5;2621;58
20181210 011900;2621;2621.75;2621;2621.75;8
20181210 012000;2621.75;2621.75;2621.5;2621.5;8
20181210 012100;2621.5;2621.75;2621.5;2621.75;4
20181210 012200;2620;2620;2619.5;2619.5;16
20181210 012300;2619.75;2620.25;2619.75;2620;16
20181210 012400;2620.25;2620.25;2620.25;2620.25;6
20181210 012600;2621.25;2621.25;2621;2621;3
20181210 012700;2622.5;2624.5;2622.5;2624.5;8
20181210 012800;2624.5;2624.5;2623.75;2623.75;7
20181210 012900;2623.75;2624;2623.75;2624;7
20181210 013000;2624;2624;2623.5;2623.5;7
20181210 013100;2623.5;2623.5;2622;2622;5
20181210 013200;2620.25;2620.25;2620;2620;2
20181210 013400;2622.5;2622.5;2621.25;2621.75;18
20181210 013500;2621.5;2621.5;2621.25;2621.25;3
20181210 013600;2621.5;2621.5;2621;2621;11
20181210 013900;2621.5;2621.5;2621.5;2621.5;4
20181210 014000;2620.75;2620.75;2620.75;2620.75;1
20181210 014100;2620.75;2621.25;2620.75;2620.75;3
20181210 014200;2620.25;2620.75;2620.25;2620.5;8
20181210 014300;2621.25;2621.5;2621.25;2621.5;13
20181210 014400;2622;2622.25;2622;2622.25;10
20181210 014500;2622.25;2622.25;2622.25;2622.25;1
20181210 014700;2624;2624;2624;2624;2
20181210 014800;2623.75;2624.5;2623.75;2624.5;11
20181210 014900;2624.5;2624.5;2624.25;2624.25;2
20181210 015000;2623.5;2623.5;2623.5;2623.5;3
20181210 015100;2623.25;2623.75;2623.25;2623.75;3
20181210 015200;2624;2624.25;2624;2624.25;2
20181210 015300;2624.5;2624.5;2624.5;2624.5;1
20181210 015400;2625;2625;2625;2625;4
20181210 015600;2624.25;2624.25;2624.25;2624.25;2
20181210 015700;2624.25;2624.25;2624.25;2624.25;1
20181210 020000;2623.5;2623.5;2623.5;2623.5;1
20181210 020300;2624;2624.5;2624;2624.5;5
20181210 020400;2624.25;2624.75;2624.25;2624.75;4
20181210 020500;2623.5;2623.5;2622.25;2622.25;7
20181210 020700;2622.5;2622.5;2622.5;2622.5;1
20181210 020800;2621.5;2622.25;2621.5;2622.25;33
20181210 020900;2621.75;2621.75;2621.75;2621.75;4
20181210 021000;2621.5;2621.5;2621.5;2621.5;3
20181210 021200;2620.75;2621.25;2620.75;2621.25;10
20181210 021300;2621;2621;2621;2621;2
20181210 021700;2620.75;2620.75;2620.75;2620.75;2
20181210 021800;2620.5;2620.5;2620.5;2620.5;2
20181210 021900;2620;2620;2620;2620;5
20181210 022000;2619.75;2619.75;2618.75;2618.75;6
20181210 022100;2618.25;2618.25;2618;2618;3
20181210 022300;2618.5;2619;2618.5;2619;5
20181210 022500;2618;2618;2617.75;2617.75;6
20181210 022600;2617.25;2617.25;2617;2617;4
20181210 022700;2617.75;2617.75;2617.75;2617.75;1
20181210 022800;2618.25;2618.5;2618.25;2618.25;5
20181210 023100;2616.75;2616.75;2616.75;2616.75;3
20181210 023200;2617;2617;2617;2617;11
20181210 023300;2616.5;2617.5;2615.75;2617.5;39
20181210 023400;2617;2617;2616.75;2616.75;3
20181210 023500;2617.25;2617.25;2617.25;2617.25;2
20181210 023600;2616.75;2616.75;2616.75;2616.75;1
20181210 023700;2616.75;2616.75;2616.25;2616.25;3
20181210 023900;2617;2617;2617;2617;2
20181210 024000;2617.75;2618.5;2617.75;2618.5;3
20181210 024100;2617.5;2617.5;2615.25;2615.5;8
20181210 024200;2615;2616.5;2615;2616.25;14
20181210 024400;2616.75;2616.75;2616.75;2616.75;1
20181210 024500;2616.25;2616.75;2616.25;2616.75;4
20181210 024600;2617;2617;2617;2617;1
20181210 024700;2617.5;2617.5;2617.5;2617.5;1
20181210 024900;2617;2617;2616.75;2616.75;6
20181210 025100;2618;2618.25;2618;2618.25;4
20181210 025200;2618;2618;2617.5;2617.5;2
20181210 025300;2617.5;2617.5;2617.5;2617.5;2
20181210 025400;2618.5;2619.5;2618.5;2619.5;8
20181210 025500;2619.5;2619.5;2619.5;2619.5;1
20181210 025600;2619;2619;2619;2619;1
20181210 025700;2618.75;2618.75;2618.75;2618.75;1
20181210 025800;2618.5;2618.5;2618.25;2618.25;5
20181210 025900;2618.75;2619;2618.75;2619;2
20181210 030000;2619.25;2619.5;2619.25;2619.5;5
20181210 030100;2619.25;2619.5;2619.25;2619.5;2
20181210 030200;2619.25;2619.25;2618.75;2618.75;6
20181210 030300;2618.25;2618.5;2618.25;2618.5;2
20181210 030400;2618.5;2618.5;2618.5;2618.5;6
20181210 030500;2618.5;2618.5;2618.5;2618.5;1
20181210 030600;2618;2618;2617.25;2617.25;5
20181210 030700;2617.75;2617.75;2617.75;2617.75;3
20181210 030800;2618;2618.25;2618;2618.25;5
20181210 031200;2618;2618;2618;2618;1
20181210 031300;2616.75;2616.75;2616.5;2616.5;7
20181210 031400;2616.75;2616.75;2616.75;2616.75;4
20181210 031500;2616.5;2616.5;2616;2616;13
20181210 031600;2616;2616;2616;2616;2
20181210 031800;2616.75;2616.75;2616.75;2616.75;1
20181210 031900;2616.75;2616.75;2616.75;2616.75;2
20181210 032100;2617;2617;2617;2617;1
20181210 032400;2618;2618;2618;2618;1
20181210 032500;2618;2618;2618;2618;2
20181210 032600;2618;2618;2618;2618;1
20181210 032700;2617.75;2617.75;2617.75;2617.75;1
20181210 032800;2618;2618;2617.75;2617.75;10
20181210 033000;2618.5;2618.5;2618.5;2618.5;1
20181210 033100;2618.25;2619;2618.25;2619;3
20181210 033200;2619.75;2620;2619.75;2620;6
20181210 033300;2620;2620.5;2620;2620.25;3
20181210 033400;2620.25;2620.25;2620.25;2620.25;1
20181210 033500;2621;2621.25;2621;2621.25;3
20181210 033600;2620.5;2620.5;2620.5;2620.5;1
20181210 033900;2621.25;2621.5;2621;2621;11
20181210 034100;2620.5;2620.5;2620.5;2620.5;1
20181210 034200;2620.25;2620.25;2620.25;2620.25;5
20181210 034300;2620.25;2620.25;2620.25;2620.25;4
20181210 034600;2620.25;2620.25;2620.25;2620.25;2
20181210 034700;2620.75;2621;2620.5;2620.5;26
20181210 034800;2620.25;2620.5;2620.25;2620.5;11
20181210 034900;2620.5;2620.5;2620;2620;4
20181210 035000;2620.25;2620.25;2620.25;2620.25;5
20181210 035100;2620.5;2620.5;2619.75;2619.75;28
20181210 035200;2620;2620;2620;2620;1
20181210 035300;2620.75;2621;2620.75;2620.75;7
20181210 035700;2620.5;2620.5;2620.5;2620.5;1
20181210 035900;2620;2620;2620;2620;1
20181210 040100;2619.25;2619.25;2619.25;2619.25;1
20181210 040200;2619.5;2619.5;2619.5;2619.5;1
20181210 040600;2619.25;2619.75;2619;2619.75;7
20181210 040700;2620.25;2620.25;2620.25;2620.25;1
20181210 040800;2619.75;2619.75;2619.75;2619.75;2
20181210 041100;2619.75;2619.75;2619.75;2619.75;1
20181210 041600;2619.25;2619.25;2619;2619;4
20181210 041700;2619.25;2619.25;2619.25;2619.25;1
20181210 041800;2619;2619;2619;2619;1
20181210 042000;2619.25;2619.25;2619.25;2619.25;2
20181210 042100;2619;2619;2618.75;2618.75;6
20181210 042400;2620;2620;2620;2620;1
20181210 042600;2620.25;2620.25;2620.25;2620.25;1
20181210 042700;2619.75;2619.75;2619.75;2619.75;1
20181210 043300;2620.25;2620.25;2620.25;2620.25;1
20181210 044300;2620.75;2620.75;2620.75;2620.75;1
20181210 044800;2620.25;2620.25;2620.25;2620.25;1
20181210 044900;2620;2620;2620;2620;1
20181210 045000;2619.5;2619.5;2619.5;2619.5;1
20181210 045100;2619.5;2619.5;2619.5;2619.5;3
20181210 045200;2620;2620;2619.75;2619.75;2
20181210 045300;2620.25;2620.25;2620.25;2620.25;2
20181210 045400;2619.75;2619.75;2619.75;2619.75;1
20181210 045500;2620.5;2620.5;2620.5;2620.5;1
20181210 045600;2621.5;2621.5;2621.5;2621.5;1
20181210 045700;2621.5;2621.5;2621.5;2621.5;1
20181210 045800;2621;2621;2621;2621;1
20181210 045900;2621.25;2621.25;2621.25;2621.25;3
20181210 050000;2621.75;2622;2621.75;2622;13
20181210 050100;2622;2622;2622;2622;1
20181210 050300;2621.5;2621.5;2621.5;2621.5;10
20181210 050400;2622;2622.25;2621.5;2621.5;12
20181210 050500;2622.25;2622.25;2622.25;2622.25;2
20181210 050600;2622;2622;2622;2622;12
20181210 051000;2621.75;2621.75;2621.25;2621.5;7
20181210 051100;2621.5;2621.75;2621.5;2621.75;4
20181210 051200;2621.75;2622;2621.5;2622;10
20181210 051300;2621.75;2621.75;2621;2621;2
20181210 051700;2620;2620;2620;2620;1
20181210 052300;2620.5;2620.5;2620.5;2620.5;1
20181210 052500;2620.75;2620.75;2620.75;2620.75;22
20181210 052900;2620.25;2620.25;2620.25;2620.25;1
20181210 053100;2619.75;2619.75;2619.75;2619.75;1
20181210 053700;2620.5;2620.5;2620;2620;10
20181210 054000;2620.25;2620.25;2620.25;2620.25;1
20181210 054100;2621;2621;2621;2621;1
20181210 054200;2622.25;2622.25;2622.25;2622.25;1
20181210 054700;2622.25;2622.25;2622.25;2622.25;1
20181210 054900;2622;2622;2622;2622;3
20181210 055000;2622;2622;2622;2622;5
20181210 055100;2622.25;2622.5;2622.25;2622.5;7
20181210 055400;2621.5;2621.5;2621.5;2621.5;1
20181210 055800;2622.25;2622.25;2622.25;2622.25;1
20181210 060000;2622.75;2623;2622.75;2622.75;18
20181210 060100;2622.75;2622.75;2622.5;2622.5;11
20181210 060300;2622.75;2622.75;2622.75;2622.75;1
20181210 060400;2622.5;2622.5;2622.5;2622.5;1
20181210 060600;2623.25;2623.25;2623.25;2623.25;1
20181210 060700;2623.5;2624;2623.5;2624;9
20181210 060800;2624.5;2624.75;2624.5;2624.75;3
20181210 060900;2624.5;2624.5;2624.5;2624.5;1
20181210 061100;2624.5;2624.5;2624.5;2624.5;20
20181210 061200;2623.75;2624;2623.5;2623.5;17
20181210 061300;2622.75;2622.75;2622.75;2622.75;1
20181210 061500;2622.5;2622.5;2622;2622;2
20181210 061600;2622;2622;2621.75;2621.75;9
20181210 061900;2622;2622;2621.5;2621.5;7
20181210 062100;2622.5;2622.5;2622.5;2622.5;1
20181210 062200;2622.5;2622.5;2622.5;2622.5;1
20181210 062400;2622.75;2622.75;2622.75;2622.75;1
20181210 062500;2622.5;2622.75;2622.5;2622.75;7
20181210 063000;2623.5;2623.5;2623.5;2623.5;1
20181210 063700;2622.75;2622.75;2622.75;2622.75;1
20181210 064000;2622.5;2622.5;2622.25;2622.25;7
20181210 064300;2621.5;2621.5;2621.5;2621.5;1
20181210 064400;2621.75;2621.75;2621.75;2621.75;1
20181210 064800;2621;2621;2620;2620;8
20181210 064900;2619.75;2619.75;2619.75;2619.75;22
20181210 065000;2620;2620;2620;2620;1
20181210 065100;2620;2620;2620;2620;2
20181210 065300;2620.25;2620.5;2620.25;2620.5;2
20181210 065800;2620.5;2620.75;2620.5;2620.75;4
20181210 070000;2620;2620;2620;2620;1
20181210 070100;2621.5;2625.25;2621.5;2625.25;30
20181210 070200;2624.5;2625.5;2624.5;2625.5;11
20181210 070300;2625.75;2627.25;2625.75;2626.75;16
20181210 070400;2626.5;2626.5;2625.75;2626;20
20181210 070500;2626.5;2626.5;2626.25;2626.25;2
20181210 070600;2626.25;2626.25;2624.75;2624.75;41
20181210 070700;2625;2625.5;2624.5;2624.75;8
20181210 070800;2624.5;2624.5;2624.5;2624.5;1
20181210 070900;2624.5;2624.5;2624.5;2624.5;1
20181210 071000;2624.75;2624.75;2624.25;2624.25;3
20181210 071100;2625;2625.5;2625;2625.5;7
20181210 071300;2626;2626.25;2626;2626.25;2
20181210 071400;2626;2626.25;2626;2626.25;3
20181210 071500;2626.75;2626.75;2626.25;2626.25;3
20181210 071700;2626.5;2627.5;2626.5;2627;32
20181210 071800;2627;2627;2626.5;2626.75;7
20181210 072000;2627.5;2627.5;2627;2627;5
20181210 072100;2627.5;2627.5;2627.5;2627.5;1
20181210 072200;2627;2627;2626.75;2626.75;4
20181210 072300;2626.75;2627;2626.5;2626.5;4
20181210 072600;2627.5;2628.5;2627.5;2628.25;21
20181210 072700;2627.75;2627.75;2627.5;2627.75;13
20181210 072800;2627.5;2627.75;2627.5;2627.75;3
20181210 072900;2626.75;2626.75;2626.5;2626.5;3
20181210 073000;2626.75;2626.75;2626.25;2626.25;3
20181210 073100;2626.75;2627;2626.5;2627;3
20181210 073200;2626.5;2626.75;2626.5;2626.75;3
20181210 073300;2627.25;2627.25;2627.25;2627.25;2
20181210 073400;2626.75;2626.75;2626.5;2626.5;3
20181210 073600;2626.75;2626.75;2626.75;2626.75;1
20181210 073700;2628.25;2628.75;2628;2628.75;18
20181210 073800;2629;2629.75;2628.5;2629.5;32
20181210 073900;2628.75;2629;2628.75;2629;10
20181210 074000;2629;2629;2628;2628;14
20181210 074100;2628.75;2628.75;2628.75;2628.75;1
20181210 074200;2628.5;2628.75;2628.5;2628.5;11
20181210 074300;2628.25;2628.5;2628.25;2628.5;5
20181210 074400;2628.5;2628.5;2627.25;2627.25;7
20181210 074500;2627;2627.25;2627;2627.25;5
20181210 074600;2626.25;2626.75;2625.5;2626.75;30
20181210 074700;2626.25;2626.5;2626.25;2626.5;5
20181210 074900;2626.75;2626.75;2626.75;2626.75;1
20181210 075100;2626.25;2626.75;2626.25;2626.75;2
20181210 075200;2627;2627.25;2627;2627.25;4
20181210 075300;2628;2628;2627.5;2627.5;4
20181210 075400;2627.75;2627.75;2627.75;2627.75;2
20181210 075500;2627.75;2627.75;2627.75;2627.75;1
20181210 075600;2629.25;2630.75;2629;2629.25;42
20181210 075700;2629;2629.25;2629;2629.25;2
20181210 075900;2629.25;2629.5;2629;2629;44
20181210 080100;2629.25;2631.25;2629.25;2630.75;29
20181210 080200;2631.25;2632;2630.25;2632;18
20181210 080300;2632.25;2634;2632;2633.75;99
20181210 080400;2634;2634;2633;2633;13
20181210 080500;2632.75;2634.5;2632.75;2634.5;19
20181210 080600;2634.5;2634.5;2634.25;2634.25;4
20181210 080700;2634;2634;2634;2634;2
20181210 080800;2634;2634;2634;2634;7
20181210 080900;2634.75;2635;2634.75;2634.75;33
20181210 081000;2633.75;2633.75;2633.5;2633.5;4
20181210 081100;2633.75;2635.25;2633.5;2634.25;8
20181210 081200;2634.25;2634.25;2633.5;2633.5;55
20181210 081300;2633;2633;2631.5;2632;29
20181210 081400;2632.5;2632.5;2632.5;2632.5;1
20181210 081500;2632;2633;2632;2632.75;26
20181210 081600;2632.75;2633.75;2632.5;2633.75;75
20181210 081700;2633.75;2634.25;2632.25;2632.25;30
20181210 081800;2632.5;2632.5;2631.75;2632;14
20181210 081900;2632;2632.5;2632;2632.5;3
20181210 082000;2632;2632;2631.75;2631.75;3
20181210 082100;2631.25;2632;2631.25;2632;3
20181210 082200;2631;2631;2630.5;2630.5;2
20181210 082300;2630.25;2631;2630.25;2630.25;15
20181210 082400;2630;2630;2630;2630;4
20181210 082500;2630.25;2631.25;2630.25;2630.75;24
20181210 082600;2631;2631;2628.5;2628.5;27
20181210 082700;2628.5;2629.5;2628.5;2629.25;47
20181210 082800;2629;2629.5;2628.5;2628.75;21
20181210 082900;2628.75;2629.5;2628.75;2629.25;54
20181210 083000;2629;2629;2628.75;2628.75;16
20181210 083100;2628.25;2630;2628.25;2630;15
20181210 083200;2631;2631;2630.5;2630.5;10
20181210 083300;2632.5;2633.25;2632.5;2633;15
20181210 083400;2633.25;2633.75;2633;2633.75;7
20181210 083500;2634;2634;2633.5;2633.5;2
20181210 083600;2634;2634.5;2633.75;2634.5;5
20181210 083700;2633.75;2634;2633.75;2634;3
20181210 083800;2634;2634;2633.25;2633.75;3
20181210 083900;2633.25;2633.25;2633;2633;3
20181210 084000;2632;2632;2632;2632;2
20181210 084200;2633;2633;2633;2633;1
20181210 084300;2632.5;2632.5;2632.5;2632.5;2
20181210 084400;2630.75;2631.5;2630.75;2631.5;7
20181210 084500;2630.5;2630.75;2630.25;2630.5;8
20181210 084600;2630;2630;2630;2630;5
20181210 084700;2631.5;2631.5;2631.5;2631.5;2
20181210 084900;2629.5;2629.75;2629.5;2629.75;12
20181210 085000;2628.75;2629.5;2628.75;2629.25;8
20181210 085100;2628.5;2628.5;2628;2628;13
20181210 085200;2628.75;2630.5;2628.75;2630.5;10
20181210 085300;2630;2630;2628.75;2628.75;2
20181210 085400;2628.5;2628.5;2628.5;2628.5;1
20181210 085500;2627.5;2627.5;2626.75;2626.75;8
20181210 085600;2627.5;2627.5;2627.5;2627.5;1
20181210 085700;2627;2627;2626;2626.75;14
20181210 085800;2626.5;2626.75;2626.5;2626.75;2
20181210 085900;2626.25;2626.25;2626.25;2626.25;1
20181210 090000;2625.75;2626;2625.75;2626;4
20181210 090100;2626;2626.25;2626;2626.25;5
20181210 090200;2626.5;2626.5;2626.5;2626.5;2
20181210 090400;2627;2628.5;2627;2628;16
20181210 090500;2627.25;2627.25;2627.25;2627.25;1
20181210 090800;2628;2628.25;2628;2628.25;2
20181210 090900;2627.25;2627.25;2627.25;2627.25;1
20181210 091100;2626.75;2627.5;2626.75;2627.5;3
20181210 091200;2628;2628;2628;2628;1
20181210 091300;2628.25;2629;2628.25;2629;3
20181210 091500;2630.5;2630.5;2630.25;2630.25;2
20181210 091600;2630;2630.5;2630;2630.5;6
20181210 091700;2629.5;2629.5;2629.5;2629.5;1
20181210 091800;2629.25;2629.25;2629;2629;7
20181210 091900;2629.25;2629.25;2629;2629;4
20181210 092000;2630;2630;2629.75;2629.75;5
20181210 092100;2631;2631.25;2631;2631.25;4
20181210 092200;2631.5;2632;2631.5;2631.75;5
20181210 092300;2630.75;2630.75;2630.5;2630.5;2
20181210 092500;2630;2630;2630;2630;5
20181210 092600;2629.75;2629.75;2629.5;2629.5;4
20181210 092800;2629.25;2629.25;2628.25;2628.5;5
20181210 092900;2628;2628.5;2628;2628.5;3
20181210 093000;2627.25;2627.5;2627.25;2627.5;3
20181210 093100;2627.75;2627.75;2627.75;2627.75;3
20181210 093200;2627.75;2627.75;2627.25;2627.5;6
20181210 093300;2627.75;2629.25;2627.75;2629.25;2
20181210 093400;2629;2630.25;2629;2630;5
20181210 093500;2629.5;2630;2629.5;2630;3
20181210 093600;2630.5;2631;2630.5;2631;6
20181210 093700;2631.25;2631.25;2631.25;2631.25;1
20181210 093800;2631.75;2632;2631.25;2631.25;10
20181210 093900;2631.25;2632;2631.25;2631.75;9
20181210 094000;2631.75;2631.75;2631.25;2631.25;3
20181210 094100;2631.75;2632.25;2631.75;2631.75;6
20181210 094200;2631.75;2631.75;2631.75;2631.75;2
20181210 094300;2631.75;2631.75;2631.75;2631.75;2
20181210 094500;2631.75;2631.75;2631.5;2631.5;2
20181210 094700;2630.5;2630.5;2630.5;2630.5;3
20181210 095000;2630.5;2630.75;2630.5;2630.75;3
20181210 095200;2631;2631.25;2630.5;2631.25;3
20181210 095300;2631;2631.25;2631;2631.25;5
20181210 095400;2630.75;2632;2630.5;2630.5;24
20181210 095500;2629.75;2629.75;2628.75;2628.75;10
20181210 095600;2628.25;2629;2628;2629;8
20181210 095700;2629;2629;2628.75;2628.75;12
20181210 095800;2629.25;2629.5;2629.25;2629.25;8
20181210 095900;2629.75;2630;2629.75;2630;6
20181210 100000;2632;2632;2631.25;2631.25;4
20181210 100100;2631.5;2631.5;2631.5;2631.5;1
20181210 100200;2631;2631;2630.5;2630.5;3
20181210 100300;2630;2630;2630;2630;1
20181210 100400;2629.5;2629.5;2629.25;2629.5;6
20181210 100500;2629.25;2629.25;2629.25;2629.25;1
20181210 100600;2630;2630;2630;2630;1
20181210 100800;2630.75;2630.75;2630.25;2630.25;2
20181210 100900;2630.25;2630.25;2629.75;2629.75;3
20181210 101000;2630;2630.25;2630;2630.25;2
20181210 101100;2630;2630;2630;2630;1
20181210 101200;2630.5;2630.5;2630.5;2630.5;1
20181210 101300;2630.5;2632;2630.5;2632;11
20181210 101500;2632;2632.5;2632;2632.25;4
20181210 101600;2632.5;2632.5;2632.5;2632.5;1
20181210 101800;2631.75;2631.75;2631.5;2631.75;4
20181210 102000;2631.75;2631.75;2631.75;2631.75;1
20181210 102100;2632;2632.25;2631;2631;34
20181210 102300;2631.25;2631.25;2631;2631;22
20181210 102400;2631;2631;2630.25;2630.25;7
20181210 102500;2630.25;2630.25;2628.5;2629.25;44
20181210 102600;2629.5;2630.25;2629.5;2630.25;4
20181210 102700;2630;2630.25;2630;2630;5
20181210 102800;2630;2630;2630;2630;3
20181210 102900;2630;2630;2630;2630;1
20181210 103000;2630.75;2630.75;2630.5;2630.5;2
20181210 103200;2630.75;2630.75;2630.75;2630.75;2
20181210 103300;2630.75;2630.75;2630.5;2630.5;2
20181210 103400;2630.25;2630.5;2630.25;2630.5;2
20181210 103500;2630.25;2630.25;2630.25;2630.25;1
20181210 103900;2629.5;2631.75;2629.5;2631.5;8
20181210 104000;2632;2632.5;2632;2632.5;3
20181210 104300;2632.25;2632.25;2632.25;2632.25;2
20181210 104400;2631.75;2631.75;2631.75;2631.75;1
20181210 104600;2631.75;2631.75;2631.75;2631.75;1
20181210 104700;2631.25;2631.75;2631.25;2631.75;6
20181210 104800;2631.5;2632;2631.5;2632;7
20181210 105100;2631.5;2631.75;2631;2631;10
20181210 105200;2631;2631.5;2631;2631.5;5
20181210 105300;2630.75;2630.75;2630.75;2630.75;5
20181210 105400;2631;2631;2631;2631;1
20181210 105500;2630.75;2630.75;2630.5;2630.5;2
20181210 105600;2631.75;2631.75;2631.75;2631.75;1
20181210 105700;2632;2632;2632;2632;1
20181210 105800;2632.5;2632.5;2632.5;2632.5;1
20181210 105900;2632.5;2633.25;2632.5;2633.25;7
20181210 110000;2633.25;2634;2633.25;2634;4
20181210 110100;2633.75;2633.75;2633.25;2633.5;12
20181210 110200;2632.75;2633;2632.75;2633;4
20181210 110300;2632.5;2632.5;2632.5;2632.5;1
20181210 110600;2633;2634;2633;2634;4
20181210 110700;2634;2634;2634;2634;1
20181210 110800;2633.25;2634.25;2633.25;2634.25;59
20181210 110900;2634.25;2634.25;2634;2634;10
20181210 111000;2634.5;2635;2634.5;2634.75;14
20181210 111100;2635.25;2636.25;2635.25;2636.25;16
20181210 111200;2635.75;2635.75;2635.25;2635.25;4
20181210 111300;2635;2635;2635;2635;3
20181210 111400;2635.25;2635.25;2635.25;2635.25;2
20181210 111500;2635.25;2635.25;2635;2635.25;4
20181210 111600;2635.75;2635.75;2635.75;2635.75;1
20181210 111700;2636.25;2636.25;2635.5;2635.5;13
20181210 111900;2634.5;2634.5;2634;2634;3
20181210 112300;2633.5;2633.5;2633.25;2633.25;7
20181210 112400;2633;2633;2632.5;2632.5;6
20181210 112500;2632.75;2632.75;2632.75;2632.75;1
20181210 112600;2632.75;2632.75;2632.5;2632.5;7
20181210 112700;2633;2633;2633;2633;4
20181210 112900;2633;2633;2632.75;2633;21
20181210 113000;2632.5;2632.5;2632.5;2632.5;1
20181210 113100;2632.75;2632.75;2632.75;2632.75;1
20181210 113200;2632;2632;2631.75;2631.75;2
20181210 113300;2632.5;2632.5;2632.5;2632.5;1
20181210 113600;2633;2633;2633;2633;2
20181210 113800;2633;2633;2633;2633;3
20181210 114000;2632.25;2632.25;2631.75;2631.75;18
20181210 114100;2632.25;2632.5;2632.25;2632.5;2
20181210 114200;2632.25;2632.25;2630.75;2630.75;4
20181210 114300;2631.25;2631.5;2631.25;2631.5;8
20181210 114500;2631.75;2632;2631.75;2632;6
20181210 114600;2631.5;2632;2631.25;2631.25;15
20181210 114700;2631;2631;2630.75;2630.75;4
20181210 114800;2630.75;2631;2630.5;2630.5;5
20181210 114900;2630;2630;2630;2630;1
20181210 115000;2629.25;2630.25;2629.25;2630;21
20181210 115100;2629.75;2630.5;2629.75;2630.5;4
20181210 115200;2630.25;2630.5;2630.25;2630.5;5
20181210 115300;2631.25;2631.25;2631.25;2631.25;1
20181210 115400;2631.25;2631.25;2631.25;2631.25;1
20181210 115500;2631.5;2631.5;2631.5;2631.5;1
20181210 115600;2631;2631.75;2631;2631.75;4
20181210 115700;2632.5;2632.5;2632.5;2632.5;2
20181210 115800;2632.75;2632.75;2632.75;2632.75;2
20181210 115900;2632.5;2632.5;2632.5;2632.5;1
20181210 120000;2633;2633.5;2633;2633.5;12
20181210 120100;2632.5;2632.75;2632.5;2632.75;2
20181210 120200;2633.75;2634;2633.25;2633.25;5
20181210 120300;2633.75;2634;2633.75;2633.75;3
20181210 120400;2633.75;2633.75;2633.5;2633.5;3
20181210 120500;2633.5;2633.5;2633.5;2633.5;1
20181210 120600;2633;2633;2632.75;2632.75;7
20181210 120700;2633;2633;2632.75;2632.75;2
20181210 120800;2632.5;2632.5;2632.5;2632.5;1
20181210 120900;2633;2633;2631.5;2631.5;3
20181210 121000;2631.5;2631.5;2631.5;2631.5;2
20181210 121100;2631.75;2631.75;2631;2631.5;11
20181210 121200;2631.5;2631.5;2631.25;2631.25;5
20181210 121300;2631.25;2631.25;2630.5;2630.75;4
20181210 121400;2631.5;2631.5;2631.25;2631.25;4
20181210 121500;2630.75;2630.75;2630.5;2630.5;2
20181210 121600;2630.5;2630.5;2629.75;2630;21
20181210 121700;2629.75;2629.75;2629.75;2629.75;1
20181210 121800;2629.5;2630;2629.5;2629.5;10
20181210 121900;2630.25;2631;2630.25;2631;7
20181210 122000;2631.25;2631.75;2631.25;2631.75;2
20181210 122200;2630.75;2631.25;2630.75;2631.25;5
20181210 122300;2631.5;2631.5;2630.5;2630.5;3
20181210 122400;2630.25;2630.75;2630.25;2630.75;4
20181210 122500;2630.5;2631;2630.25;2631;8
20181210 122600;2630;2630;2629.75;2630;15
20181210 122700;2629.5;2629.5;2629.25;2629.25;2
20181210 122800;2629.75;2630;2629.75;2630;2
20181210 122900;2630;2630.25;2630;2630.25;4
20181210 123000;2629.75;2630.5;2629.75;2630.5;3
20181210 123100;2630;2630.75;2630;2630.75;17
20181210 123200;2630.5;2630.75;2630.5;2630.5;3
20181210 123300;2630.5;2631;2630.25;2631;6
20181210 123400;2631;2632.25;2630.75;2632;88
20181210 123500;2631.75;2632;2631.25;2632;48
20181210 123600;2632.25;2632.5;2632;2632;5
20181210 123700;2632;2633;2632;2633;7
20181210 123800;2633.25;2633.5;2632.75;2632.75;62
20181210 123900;2633;2633.25;2633;2633.25;21
20181210 124000;2633.25;2633.25;2632.75;2632.75;2
20181210 124200;2633.25;2633.75;2633.25;2633.75;6
20181210 124300;2634;2635.5;2634;2635.5;6
20181210 124400;2635.75;2637.25;2635.75;2637.25;37
20181210 124500;2636.75;2637.5;2636.75;2637.5;12
20181210 124600;2637.25;2638.25;2637;2638.25;125
20181210 124700;2638.25;2639.75;2638.25;2639.25;33
20181210 124800;2639.25;2640;2639.25;2640;44
20181210 124900;2639.5;2640.25;2639.5;2640.25;15
20181210 125000;2639.5;2639.5;2639.5;2639.5;3
20181210 125100;2639.75;2639.75;2639.5;2639.5;6
20181210 125200;2639.75;2640.25;2639.75;2640;7
20181210 125300;2640.25;2640.25;2640.25;2640.25;2
20181210 125400;2639.75;2640;2639.25;2640;24
20181210 125600;2640.25;2640.5;2640.25;2640.5;10
20181210 125700;2640.75;2642.75;2640.5;2642.5;33
20181210 125800;2642;2642.5;2640.75;2641.25;10
20181210 125900;2641;2641;2639.75;2640;9
20181210 130000;2640;2640.25;2640;2640;11
20181210 130100;2640.25;2640.75;2640.25;2640.5;6
20181210 130200;2641.25;2641.25;2640.75;2641;5
20181210 130300;2641.25;2641.25;2640.75;2640.75;7
20181210 130400;2641;2641;2640.25;2640.75;18
20181210 130500;2641;2641.25;2640.75;2641;9
20181210 130600;2640.75;2642.25;2640.75;2642.25;10
20181210 130800;2641.5;2641.75;2641.5;2641.75;4
20181210 130900;2641.5;2641.75;2641.5;2641.75;2
20181210 131100;2642;2642;2642;2642;2
20181210 131200;2642.5;2643.25;2642.5;2643.25;13
20181210 131300;2643.5;2643.5;2642.25;2642.25;15
20181210 131400;2642.5;2642.5;2642.25;2642.25;2
20181210 131700;2642.5;2642.5;2642.5;2642.5;1
20181210 131800;2642.75;2642.75;2642.75;2642.75;1
20181210 131900;2642.5;2642.5;2642.5;2642.5;1
20181210 132000;2642.5;2646;2642.5;2646;74
20181210 132100;2646;2648.75;2645.5;2648;50
20181210 132200;2647.25;2647.25;2646.25;2646.75;22
20181210 132300;2646.25;2647.5;2646.25;2647.5;60
20181210 132400;2647.5;2648;2646.5;2646.5;56
20181210 132500;2646.25;2646.25;2645.5;2645.5;3
20181210 132600;2645.75;2646.5;2645.75;2646.25;6
20181210 132700;2646.25;2646.25;2645.75;2645.75;20
20181210 132800;2645.75;2646.75;2645.5;2646.75;21
20181210 132900;2645.75;2645.75;2645.25;2645.5;6
20181210 133000;2644.75;2645;2644.75;2644.75;17
20181210 133100;2644.25;2644.25;2643.75;2643.75;5
20181210 133200;2643.75;2644.25;2643.75;2644;4
20181210 133300;2644.75;2645;2644.75;2645;3
20181210 133400;2645;2645;2645;2645;9
20181210 133500;2645.25;2645.25;2643.5;2643.5;8
20181210 133600;2643.75;2643.75;2643.5;2643.5;2
20181210 133700;2644;2644;2644;2644;1
20181210 133800;2643.75;2643.75;2643.25;2643.5;6
20181210 133900;2644.25;2644.25;2644;2644;3
20181210 134000;2644;2644;2643.5;2643.5;2
20181210 134100;2643.75;2643.75;2643.5;2643.5;4
20181210 134200;2643.25;2643.5;2643.25;2643.5;4
20181210 134300;2643.5;2644;2642.5;2642.5;11
20181210 134400;2642.5;2642.5;2642.5;2642.5;63
20181210 134500;2642.25;2642.25;2642.25;2642.25;2
20181210 134600;2642;2642;2641.5;2642;7
20181210 134700;2642.25;2642.25;2641.75;2641.75;21
20181210 134800;2641.75;2641.75;2641.25;2641.75;5
20181210 134900;2641;2641;2640.5;2641;23
20181210 135000;2641;2641;2640.5;2640.5;7
20181210 135100;2640.5;2641.25;2640.5;2641;8
20181210 135200;2640.75;2641;2640.5;2640.5;16
20181210 135300;2640.5;2641.25;2640.25;2640.75;10
20181210 135400;2641;2641;2640.75;2640.75;2
20181210 135500;2641.5;2641.5;2641.25;2641.5;7
20181210 135600;2641.25;2641.25;2641;2641;6
20181210 135700;2641.25;2641.25;2640.75;2641.25;9
20181210 135800;2640.75;2641;2640.75;2641;6
20181210 135900;2641;2641.25;2641;2641.25;3
20181210 140000;2641;2641;2639.75;2640;10
20181210 140100;2640;2640;2637.75;2638.25;80
20181210 140200;2638.25;2639.25;2638.25;2638.5;18
20181210 140300;2638.5;2639.25;2638.5;2639.25;13
20181210 140400;2639.5;2639.5;2639;2639;8
20181210 140500;2639.25;2640;2638.5;2639;72
20181210 140600;2639;2639.25;2639;2639.25;6
20181210 140700;2638.75;2639;2638.5;2639;13
20181210 140800;2639;2639;2637.75;2637.75;15
20181210 140900;2638;2638.25;2637.5;2637.5;20
20181210 141000;2637.5;2637.5;2637;2637.5;33
20181210 141100;2637.25;2637.25;2636.75;2636.75;13
20181210 141200;2636.75;2636.75;2636.5;2636.5;11
20181210 141300;2636.25;2636.25;2635.5;2635.75;19
20181210 141400;2636.25;2636.25;2636.25;2636.25;1
20181210 141500;2636;2636.25;2635.75;2636.25;8
20181210 141600;2636.25;2637.25;2636.25;2637;13
20181210 141700;2637;2637;2636.25;2636.25;15
20181210 141800;2636.25;2636.75;2636.25;2636.5;8
20181210 141900;2636.5;2636.75;2635.75;2635.75;89
20181210 142000;2636.25;2636.5;2636.25;2636.5;6
20181210 142100;2636.5;2636.5;2636.5;2636.5;2
20181210 142200;2636.25;2636.5;2636.25;2636.25;18
20181210 142300;2636;2636.25;2636;2636;6
20181210 142400;2636.25;2636.25;2636;2636;2
20181210 142500;2636;2636;2635.75;2635.75;4
20181210 142600;2636;2636.25;2636;2636.25;18
20181210 142700;2636.5;2636.5;2635.75;2636.25;8
20181210 142800;2636.25;2636.25;2636;2636;4
20181210 142900;2635.75;2635.75;2634.25;2634.75;35
20181210 143000;2635;2635.5;2634.5;2634.75;40
20181210 143100;2635;2635.75;2633.5;2633.5;253
20181210 143200;2633.25;2638.25;2632.75;2638.25;167
20181210 143300;2638.25;2641.25;2637.75;2641;271
20181210 143400;2641.5;2642.75;2641;2642.5;157
20181210 143500;2642.5;2643;2640.25;2641;805
20181210 143600;2641;2641;2636.75;2636.75;352
20181210 143700;2637;2642.5;2637;2642.5;222
20181210 143800;2642.5;2642.75;2640;2642;115
20181210 143900;2641.5;2642.5;2638.5;2638.75;251
20181210 144000;2638.5;2640;2636.75;2638;180
20181210 144100;2638;2638.5;2635;2636.75;216
20181210 144200;2637;2637;2635;2635.25;226
20181210 144300;2635.25;2638.75;2635.25;2638;438
20181210 144400;2637.5;2640.5;2637.5;2640.5;265
20181210 144500;2640.5;2642;2640.25;2640.5;437
20181210 144600;2640.75;2641;2636.5;2636.5;408
20181210 144700;2636.25;2637.5;2636.25;2636.75;335
20181210 144800;2637;2639;2635;2635.5;154
20181210 144900;2635.25;2635.5;2628.5;2629.25;394
20181210 145000;2629.25;2630.5;2626;2626.75;426
20181210 145100;2626.75;2627.25;2623.25;2625.5;381
20181210 145200;2625.75;2627;2623.25;2623.5;406
20181210 145300;2623.25;2623.75;2618.25;2618.25;368
20181210 145400;2618.5;2618.75;2615.5;2615.75;404
20181210 145500;2615.5;2617.75;2613.75;2617.75;446
20181210 145600;2617.75;2619.75;2616.75;2619.5;360
20181210 145700;2619.5;2620.25;2619;2619.5;143
20181210 145800;2619.5;2622;2619;2621.25;224
20181210 145900;2621.25;2622.25;2618.5;2619.75;182
20181210 150000;2620;2621;2617.25;2617.25;138
20181210 150100;2617.5;2620.5;2616.75;2616.75;191
20181210 150200;2616.75;2618;2614.25;2616.75;193
20181210 150300;2616.75;2618.75;2614.75;2617;320
20181210 150400;2617;2618.5;2616.25;2618.5;145
20181210 150500;2618.5;2621.25;2618.25;2621.25;177
20181210 150600;2621;2623.25;2621;2622.5;125
20181210 150700;2622.25;2627.25;2621.75;2627;202
20181210 150800;2626.25;2626.75;2624;2624.25;167
20181210 150900;2624;2624;2621.5;2622;126
20181210 151000;2622;2622.5;2621;2621.25;75
20181210 151100;2620.75;2621;2617.75;2620;204
20181210 151200;2619.75;2621.75;2619.75;2620.5;152
20181210 151300;2621;2621;2618.75;2620;67
20181210 151400;2619.75;2625.5;2619.75;2625;114
20181210 151500;2624.75;2630.25;2624.75;2630.25;262
20181210 151600;2629.75;2629.75;2625.5;2626.5;91
20181210 151700;2626.5;2631;2626.5;2629.5;233
20181210 151800;2628.5;2630;2628;2628.75;69
20181210 151900;2628.75;2628.75;2627;2627.5;122
20181210 152000;2627;2631.25;2627;2631;131
20181210 152100;2630.5;2633.25;2628.75;2631.75;173
20181210 152200;2631.5;2631.75;2629.25;2630;72
20181210 152300;2630;2630;2627.5;2627.75;67
20181210 152400;2628;2631.5;2628;2630.5;39
20181210 152500;2630.5;2630.5;2627.5;2628.5;56
20181210 152600;2627.5;2629;2625.75;2626.25;65
20181210 152700;2625.5;2626.5;2625;2626.5;70
20181210 152800;2626;2626;2623.75;2624.25;33
20181210 152900;2623;2624;2621.5;2624;80
20181210 153000;2624.25;2624.5;2622.5;2624.5;84
20181210 153100;2623.75;2628;2623;2626.25;48
20181210 153200;2625.25;2625.5;2620.75;2621.25;152
20181210 153300;2620.5;2621;2619.75;2620.5;54
20181210 153400;2620.5;2621.75;2619.75;2620.5;51
20181210 153500;2621;2621;2616.25;2618.5;166
20181210 153600;2618.75;2620.75;2618.75;2620.25;112
20181210 153700;2620;2620.25;2617.25;2620.25;222
20181210 153800;2620.75;2621;2617.5;2617.75;231
20181210 153900;2617.75;2618;2615.25;2616.25;121
20181210 154000;2616.25;2616.5;2611.25;2611.25;143
20181210 154100;2611.25;2612.75;2610.25;2610.75;74
20181210 154200;2610.75;2613;2610.25;2612.25;57
20181210 154300;2612.5;2612.75;2610.75;2611.75;136
20181210 154400;2611.75;2612.5;2608.75;2610.5;175
20181210 154500;2609.75;2610;2607.5;2609;113
20181210 154600;2609;2612.75;2607.25;2612.75;181
20181210 154700;2612.25;2613.75;2611.5;2612.5;66
20181210 154800;2612;2615;2612;2614.75;69
20181210 154900;2614.25;2616.75;2613.75;2616.75;43
20181210 155000;2616.75;2616.75;2613;2614;68
20181210 155100;2613.75;2613.75;2611.5;2611.5;37
20181210 155200;2611.75;2615.25;2611.75;2612.25;36
20181210 155300;2612;2612;2605.25;2607;188
20181210 155400;2608;2608.5;2605.75;2607.25;81
20181210 155500;2606.75;2607.25;2602.25;2603;349
20181210 155600;2603.25;2608;2603.25;2608;71
20181210 155700;2607.75;2607.75;2605.75;2606.75;101
20181210 155800;2605.75;2610;2605.75;2608.5;87
20181210 155900;2608;2609;2605.75;2605.75;115
20181210 160000;2605.5;2606;2603;2605.75;179
20181210 160100;2605.75;2605.75;2599;2599.75;186
20181210 160200;2599.75;2600.25;2596;2597.5;163
20181210 160300;2598;2598;2590.5;2591.5;136
20181210 160400;2591.5;2591.5;2586.75;2588.75;207
20181210 160500;2591.5;2592.75;2588;2590.75;137
20181210 160600;2591;2594.5;2590.5;2594.5;56
20181210 160700;2594;2595.25;2592.75;2595;163
20181210 160800;2595.75;2596.25;2594;2595.25;211
20181210 160900;2595.75;2596.75;2594;2596;79
20181210 161000;2594.75;2594.75;2591.75;2592.75;19
20181210 161100;2591.5;2592.25;2591;2592.25;22
20181210 161200;2592.75;2595.25;2590.5;2594.75;152
20181210 161300;2596.25;2596.75;2593.5;2595.5;44
20181210 161400;2594;2594;2590.75;2591.5;31
20181210 161500;2591.75;2596.75;2591.5;2596.75;151
20181210 161600;2596.25;2596.5;2594.25;2595.75;156
20181210 161700;2596.75;2596.75;2593.25;2594.25;77
20181210 161800;2594.25;2594.25;2589.5;2589.5;80
20181210 161900;2590.5;2591.25;2589;2590;64
20181210 162000;2589.25;2592.5;2589;2592.5;73
20181210 162100;2592;2593.5;2589.25;2593.5;41
20181210 162200;2594;2595;2591.75;2595;51
20181210 162300;2595.5;2595.75;2592;2593.5;20
20181210 162400;2592.25;2592.25;2590.5;2591;10
20181210 162500;2591;2591.75;2588.75;2588.75;94
20181210 162600;2589.75;2592.25;2589.75;2592.25;135
20181210 162700;2593;2594.25;2593;2594.25;29
20181210 162800;2593.25;2595;2592;2595;32
20181210 162900;2594.75;2596.25;2593.25;2593.5;64
20181210 163000;2593.75;2595.5;2592.25;2595.5;15
20181210 163100;2596.75;2599.75;2596.25;2599.75;64
20181210 163200;2599.25;2601;2597.5;2601;43
20181210 163300;2601.75;2602;2597.5;2598.75;73
20181210 163400;2598.75;2600;2598.75;2599.5;6
20181210 163500;2598.5;2598.75;2594.25;2594.25;42
20181210 163600;2595.5;2598;2595.5;2597.25;22
20181210 163700;2597.75;2599;2596.25;2598.5;10
20181210 163800;2600.25;2605.75;2600;2605.5;97
20181210 163900;2605;2607.75;2605;2607.5;58
20181210 164000;2607.75;2608;2606.25;2607.5;27
20181210 164100;2605;2605.75;2604.5;2605.75;16
20181210 164200;2605.5;2606.25;2603.75;2605;36
20181210 164300;2604.75;2607;2604.75;2606.5;50
20181210 164400;2605.75;2606.5;2604.5;2605.75;15
20181210 164500;2606.25;2607.75;2606.25;2607;24
20181210 164600;2607.25;2612.75;2607.25;2612.5;81
20181210 164700;2613;2613.5;2609.5;2610.5;45
20181210 164800;2608.5;2608.75;2607;2607;7
20181210 164900;2608.5;2608.75;2605.75;2605.75;96
20181210 165000;2606;2609.5;2605.5;2609.5;48
20181210 165100;2609.5;2609.75;2608;2608.25;173
20181210 165200;2610;2611.75;2609.25;2611;31
20181210 165300;2610;2611.25;2609.5;2610.25;16
20181210 165400;2610.25;2610.25;2607.5;2608;11
20181210 165500;2608.25;2610.75;2607.25;2609;21
20181210 165600;2609.5;2612;2609.5;2609.75;25
20181210 165700;2609.25;2610.25;2608.75;2609.5;15
20181210 165800;2609.25;2609.25;2604.75;2605;50
20181210 165900;2604;2604.25;2601;2602;47
20181210 170000;2602;2603.25;2601;2603.25;41
20181210 170100;2602.75;2605;2601;2602;220
20181210 170200;2601.25;2602.5;2601;2602;14
20181210 170300;2602;2602;2598;2599;72
20181210 170400;2599;2600;2597;2597;35
20181210 170500;2598.25;2600.25;2597.75;2600.25;21
20181210 170600;2597.75;2599;2597.5;2598.25;12
20181210 170700;2600.25;2602.5;2600.25;2601.75;15
20181210 170800;2601.75;2602.5;2599.75;2602.5;12
20181210 170900;2603.25;2605.25;2601.75;2601.75;26
20181210 171000;2600.75;2602.5;2600.75;2602.5;7
20181210 171100;2602.5;2602.75;2600;2600.5;21
20181210 171200;2600.5;2602.25;2600.5;2602.25;11
20181210 171300;2602.75;2605.5;2602.75;2605.25;29
20181210 171400;2606;2608.75;2606;2607.5;21
20181210 171500;2607.75;2607.75;2607.25;2607.5;10
20181210 171600;2607.25;2609.5;2605;2605;51
20181210 171700;2605.5;2605.75;2604;2604.25;42
20181210 171800;2603.75;2603.75;2601.75;2601.75;21
20181210 171900;2602.75;2604;2602.5;2603;14
20181210 172000;2601;2601;2598.75;2599.5;22
20181210 172100;2599;2601;2598.5;2600.5;28
20181210 172200;2600.25;2601;2599.25;2600.25;21
20181210 172300;2600;2601.5;2599;2599.25;19
20181210 172400;2599.5;2599.5;2597.5;2597.5;36
20181210 172500;2597.5;2599.75;2597;2599.75;28
20181210 172600;2600.25;2601.5;2600;2600.75;33
20181210 172700;2600.75;2604;2600.5;2600.5;24
20181210 172800;2601.75;2601.75;2600;2601.25;8
20181210 172900;2602.25;2603.75;2600.75;2601.25;48
20181210 173000;2601.75;2602;2600.5;2600.75;23
20181210 173100;2600.75;2603.5;2600.75;2603.5;20
20181210 173200;2604;2606.5;2604;2606.25;18
20181210 173300;2606;2606;2604.25;2604.25;4
20181210 173400;2603.5;2604.5;2603.5;2604;18
20181210 173500;2605.75;2605.75;2605.75;2605.75;1
20181210 173600;2606;2609.25;2606;2609.25;63
20181210 173700;2609.5;2611.75;2609.25;2611.5;73
20181210 173800;2611.75;2616;2611.75;2616;172
20181210 173900;2616;2618.75;2616;2616.25;112
20181210 174000;2616.5;2616.5;2615.75;2616;14
20181210 174100;2617;2620.25;2617;2620.25;88
20181210 174200;2620.75;2621.25;2618.5;2619.75;90
20181210 174300;2619.5;2621.75;2618.5;2621.5;216
20181210 174400;2621.25;2623;2620;2620;93
20181210 174500;2619.75;2620;2619.25;2619.25;21
20181210 174600;2619.75;2619.75;2617.75;2618;89
20181210 174700;2617.25;2620.25;2617;2618.25;128
20181210 174800;2619;2619.5;2618.5;2619;86
20181210 174900;2619.5;2623;2619.25;2623;534
20181210 175000;2622.5;2627.5;2622;2626;253
20181210 175100;2626.5;2626.5;2625.25;2626;83
20181210 175200;2626.5;2627.25;2624.75;2625;17
20181210 175300;2625;2628;2625;2626.25;92
20181210 175400;2625.75;2628;2625.75;2627.5;13
20181210 175500;2627.75;2628.25;2627;2628.25;78
20181210 175600;2627.75;2627.75;2625.25;2625.25;47
20181210 175700;2625.25;2626.25;2624;2624;31
20181210 175800;2624.25;2627;2624;2627;17
20181210 175900;2626.25;2626.25;2624.75;2624.75;13
20181210 180000;2624.25;2624.5;2623;2623.5;21
20181210 180100;2624.5;2624.75;2623.25;2624.25;35
20181210 180200;2624.5;2626.25;2624.5;2626;19
20181210 180300;2625.25;2625.25;2622.25;2622.5;12
20181210 180400;2622.5;2622.75;2621.75;2622.75;62
20181210 180500;2622;2623;2621.5;2622.25;17
20181210 180600;2621.5;2621.75;2620.5;2621;15
20181210 180700;2621;2623.25;2621;2623.25;29
20181210 180800;2624.25;2626.25;2623;2624.5;63
20181210 180900;2624.5;2625;2623;2623.5;25
20181210 181000;2623;2624.25;2622.5;2622.5;40
20181210 181100;2623.5;2623.5;2619.75;2622.75;212
20181210 181200;2623.25;2629.25;2621.75;2629.25;91
20181210 181300;2629;2630.5;2628.5;2628.5;65
20181210 181400;2628.75;2630.25;2628;2628;204
20181210 181500;2627.75;2628.75;2627;2627.5;17
20181210 181600;2626.5;2628.25;2626.25;2628.25;12
20181210 181700;2628.25;2628.25;2625.5;2625.5;12
20181210 181800;2625.5;2627.75;2624.75;2626.25;126
20181210 181900;2625.5;2627.5;2625.5;2627.5;65
20181210 182000;2628;2629.75;2627.5;2627.5;29
20181210 182100;2628.5;2629.25;2628.25;2628.25;25
20181210 182200;2627;2627;2625;2625;15
20181210 182300;2625.25;2625.25;2623;2623;53
20181210 182400;2623;2623;2620.5;2620.75;57
20181210 182500;2622.75;2622.75;2621.25;2621.25;11
20181210 182600;2621.25;2621.25;2619.25;2621.25;21
20181210 182700;2621.75;2622.5;2621.5;2621.5;4
20181210 182800;2621.75;2621.75;2621.75;2621.75;2
20181210 182900;2621;2621;2619.75;2619.75;20
20181210 183000;2619.25;2620.5;2619;2620.5;11
20181210 183100;2619.75;2621.75;2619.5;2621.75;10
20181210 183200;2621.75;2624.75;2621;2624.75;33
20181210 183300;2625.5;2628;2625.5;2627;42
20181210 183400;2628.25;2628.25;2627.25;2627.25;30
20181210 183500;2627.75;2627.75;2627.25;2627.5;4
20181210 183600;2627.75;2632.5;2627.75;2631.25;97
20181210 183700;2632;2632.25;2631.5;2631.5;8
20181210 183800;2631.5;2631.5;2630.5;2631.5;42
20181210 183900;2630.75;2631.5;2629.75;2631;32
20181210 184000;2631.75;2632.25;2628.5;2628.5;17
20181210 184100;2629;2630.5;2628.5;2630.25;85
20181210 184200;2630;2630.75;2630;2630;8
20181210 184300;2630;2630;2627.75;2628.25;20
20181210 184400;2628.75;2628.75;2625.5;2625.5;35
20181210 184500;2625.5;2625.5;2624.5;2625;17
20181210 184600;2626;2626;2625.5;2626;4
20181210 184700;2627.25;2627.5;2627.25;2627.5;2
20181210 184800;2627.75;2629;2627.25;2628.5;15
20181210 184900;2628.5;2630.25;2628.5;2630;17
20181210 185000;2630;2630.75;2630;2630.75;2
20181210 185100;2631;2632;2630.5;2632;9
20181210 185200;2631;2636;2631;2635.25;118
20181210 185300;2635.5;2636.25;2635.25;2635.5;42
20181210 185400;2635.75;2636.5;2633.5;2633.5;11
20181210 185500;2633.25;2634;2633.25;2633.75;5
20181210 185600;2634;2634;2632.75;2633.5;39
20181210 185700;2633;2634;2631.5;2633;71
20181210 185800;2633.25;2633.75;2631.75;2631.75;47
20181210 185900;2632;2632.25;2631.25;2632;15
20181210 190000;2631.75;2631.75;2630.75;2631.25;9
20181210 190100;2631;2633.5;2631;2633.5;106
20181210 190200;2632;2632;2629.5;2630;20
20181210 190300;2630.25;2632.5;2630.25;2632.5;31
20181210 190400;2633.25;2633.25;2630.25;2630.5;21
20181210 190500;2630.75;2630.75;2629;2629;25
20181210 190600;2629.25;2631;2629;2631;12
20181210 190700;2631;2632.25;2630.75;2631.75;9
20181210 190800;2632.75;2635;2632.5;2634;43
20181210 190900;2634.25;2635.25;2634;2634.25;121
20181210 191000;2634.5;2635.25;2633.5;2633.5;94
20181210 191100;2633.5;2634.5;2631.75;2631.75;62
20181210 191200;2631.5;2632;2631;2632;128
20181210 191300;2632;2632.25;2631.25;2631.75;26
20181210 191400;2632.25;2632.5;2630.75;2630.75;14
20181210 191500;2630.5;2630.75;2629.75;2629.75;14
20181210 191600;2630.25;2632;2630;2632;254
20181210 191700;2630;2630;2627.75;2628.25;23
20181210 191800;2628.25;2629;2627.25;2627.5;24
20181210 191900;2627.75;2628;2625.75;2625.75;79
20181210 192000;2625;2627.25;2625;2627.25;36
20181210 192100;2628;2628;2626;2626;23
20181210 192200;2625.75;2626;2624.25;2624.25;42
20181210 192300;2624.5;2629.25;2624;2628.75;22
20181210 192400;2629;2631.25;2629;2629.75;38
20181210 192500;2630;2630;2628;2628.5;26
20181210 192600;2628;2631;2628;2630.75;17
20181210 192700;2631.5;2632;2630;2630;22
20181210 192800;2630;2632.5;2628.5;2632;37
20181210 192900;2631.75;2634.25;2631.25;2633.75;46
20181210 193000;2633.75;2634;2632;2632.25;13
20181210 193100;2633.25;2635;2633.25;2634;36
20181210 193200;2633.5;2633.5;2633;2633.25;10
20181210 193300;2633.25;2640.25;2633.25;2640;277
20181210 193400;2639.75;2640.5;2639.25;2640;27
20181210 193500;2639.25;2642.25;2639.25;2642;37
20181210 193600;2641.75;2642;2641;2642;25
20181210 193700;2641;2641;2640;2640;5
20181210 193800;2641;2641.25;2641;2641.25;2
20181210 193900;2641.25;2643.25;2641.25;2642.75;47
20181210 194000;2642.75;2642.75;2639.5;2639.5;21
20181210 194100;2639.75;2640;2639.25;2640;17
20181210 194200;2641;2641.25;2639.25;2639.75;23
20181210 194300;2639;2640.25;2639;2640.25;32
20181210 194400;2640.75;2642;2640.75;2641.75;42
20181210 194500;2641.75;2642;2640.75;2641.5;19
20181210 194600;2641.5;2641.5;2640.25;2640.75;21
20181210 194700;2640;2641.25;2640;2641;8
20181210 194800;2641.5;2642.5;2641.5;2642.25;3
20181210 194900;2640.25;2640.25;2639;2639.75;26
20181210 195000;2639;2640;2638.5;2640;39
20181210 195100;2639.5;2640;2639;2639.25;6
20181210 195200;2641.5;2642;2640.75;2642;11
20181210 195300;2641.25;2641.25;2639.75;2639.75;5
20181210 195400;2640.25;2640.25;2640;2640;4
20181210 195500;2640.5;2640.5;2640;2640.5;15
20181210 195600;2639.75;2644.5;2638.5;2643;41
20181210 195700;2642.75;2642.75;2635.75;2635.75;105
20181210 195800;2635.75;2635.75;2632.5;2634.5;43
20181210 195900;2633.25;2633.75;2632;2633.75;13
20181210 200000;2632.75;2633;2632.75;2633;2
20181210 200100;2633;2633;2632;2632;6
20181210 200200;2632;2634.25;2631.5;2633.5;17
20181210 200300;2634.5;2635;2633.5;2634.25;47
20181210 200400;2633.25;2633.75;2632.75;2633.5;26
20181210 200500;2634;2635;2632.25;2632.25;13
20181210 200600;2633.5;2633.5;2633;2633.5;3
20181210 200700;2632.75;2634.75;2632.75;2634.75;9
20181210 200800;2635;2635.25;2634.25;2634.25;7
20181210 200900;2634.75;2636.25;2633.5;2635.25;67
20181210 201000;2635.5;2637;2634.5;2636.5;17
20181210 201100;2636.5;2636.75;2635.75;2635.75;6
20181210 201200;2635.75;2636.25;2635.75;2635.75;8
20181210 201300;2634.25;2635.5;2634.25;2635.25;13
20181210 201400;2635.5;2635.5;2635;2635;91
20181210 201500;2633.5;2633.5;2632;2632.75;24
20181210 201600;2633.25;2633.25;2629.75;2630.75;31
20181210 201700;2632.25;2632.25;2630.25;2630.75;19
20181210 201800;2631;2631;2629;2629.5;30
20181210 201900;2630;2630.5;2627;2628.75;55
20181210 202000;2629;2630.75;2629;2630.75;70
20181210 202100;2631;2632.25;2631;2632.25;13
20181210 202200;2632;2632.25;2631.5;2631.75;15
20181210 202300;2631.75;2632.75;2631.75;2632.5;55
20181210 202400;2632.5;2633.75;2632.5;2633.75;10
20181210 202500;2633;2633;2632.5;2632.5;4
20181210 202600;2633.25;2635.5;2633.25;2634.5;12
20181210 202700;2634.5;2635.25;2634.25;2635.25;15
20181210 202800;2635.5;2635.75;2635;2635.5;35
20181210 202900;2634.75;2636;2634.75;2635.25;13
20181210 203000;2636;2637.5;2636;2637.5;65
20181210 203100;2637.5;2641.25;2637.5;2641;104
20181210 203200;2641.25;2642.25;2640.5;2640.5;36
20181210 203300;2640.75;2647.5;2640.75;2647;100
20181210 203400;2647.25;2647.75;2645.25;2647.75;146
20181210 203500;2646.5;2647.5;2646.5;2647;37
20181210 203600;2647;2647.5;2647;2647;13
20181210 203700;2646.75;2649.25;2646.25;2649;126
20181210 203800;2649;2651.25;2648.75;2651.25;125
20181210 203900;2651;2652;2650.75;2651;92
20181210 204000;2651;2651;2648.75;2649.25;24
20181210 204100;2649.25;2649.25;2648.25;2648.25;10
20181210 204200;2648.5;2648.5;2646.75;2646.75;23
20181210 204300;2648.25;2649.5;2648.25;2649.5;21
20181210 204400;2649;2649;2648.25;2648.5;13
20181210 204500;2648.5;2648.75;2647.5;2648.25;31
20181210 204600;2647.5;2648.5;2647.25;2648;30
20181210 204700;2648;2648;2645.5;2645.5;19
20181210 204800;2645.5;2646;2645;2646;32
20181210 204900;2646;2646;2643.5;2643.5;68
20181210 205000;2643.75;2644.25;2643;2643.75;96
20181210 205100;2643.5;2645.25;2643.5;2645.25;53
20181210 205200;2643;2643.5;2642.5;2643.25;9
20181210 205300;2643.5;2643.75;2642.5;2643.5;17
20181210 205400;2643.25;2645.25;2643.25;2644;10
20181210 205500;2644.5;2645.25;2644;2644.75;29
20181210 205600;2644.5;2645.25;2644;2645;93
20181210 205700;2645;2646.5;2644.75;2645.75;101
20181210 205800;2645.75;2646;2644.5;2644.5;56
20181210 205900;2644.5;2646;2644.5;2645;64
20181210 210000;2645;2645.75;2641.5;2641.5;235
20181210 210100;2641.25;2645;2641;2645;352
20181210 210200;2645.5;2648.5;2645.5;2646.5;640
20181210 210300;2646.75;2646.75;2644.5;2645.75;198
20181210 210400;2645.75;2646.25;2644.75;2644.75;104
20181210 210500;2645;2646;2645;2646;87
20181210 210600;2646;2646.25;2645.75;2646;77
20181210 210700;2646.25;2646.25;2644.25;2644.25;129
20181210 210800;2644.75;2644.75;2644;2644.5;82
20181210 210900;2644.75;2645.25;2644.75;2645;134
20181210 211000;2645;2645.25;2643.75;2643.75;91
20181210 211100;2643.75;2645.5;2643.25;2645.5;99
20181210 211200;2646;2646.25;2645.5;2646;192
20181210 211300;2646.5;2646.5;2645.5;2646.25;74
20181210 211400;2646.25;2646.75;2646;2646.75;12
20181210 211500;2646.25;2647.25;2646;2647;611
20181210 213100;2647.25;2649;2647.25;2649;18
20181210 213200;2649;2649;2649;2649;1
20181210 213500;2648.5;2649;2648.5;2649;8
20181210 213600;2649;2649;2648;2648;36
20181210 213700;2648;2648;2647.75;2647.75;8
20181210 213900;2648;2648;2648;2648;1
20181210 214100;2648.5;2648.5;2648.5;2648.5;1
20181210 214400;2649;2649;2649;2649;1
20181210 214600;2648.5;2648.5;2648.5;2648.5;5
20181210 214900;2647.5;2647.75;2647.5;2647.75;6
20181210 215000;2647.25;2647.25;2647.25;2647.25;1
20181210 215100;2645.25;2645.25;2645;2645;16
20181210 215200;2646.25;2646.25;2646;2646;6
20181210 215500;2645.25;2645.25;2645.25;2645.25;5
20181210 220000;2645.25;2646;2645;2646;3
20181210 230100;2648;2649.25;2646.5;2647.25;48
20181210 230200;2644.5;2645;2644.25;2645;26
20181210 230300;2643.5;2643.75;2642.5;2643;12
20181210 230400;2643.25;2644;2643.25;2644;11
20181210 230500;2642.75;2643.25;2642.25;2643.25;9
20181210 231100;2643.25;2643.25;2643.25;2643.25;1
20181210 231300;2643;2643;2643;2643;1
20181210 231600;2642.5;2643.5;2642.5;2643.5;2
20181210 231700;2643.25;2643.25;2643.25;2643.25;5
20181210 231900;2644;2644;2643.75;2643.75;3
20181210 232100;2644;2644;2644;2644;2
20181210 232200;2643.75;2643.75;2643.75;2643.75;2
20181210 232300;2643.75;2644;2643.75;2644;15
20181210 232400;2644.25;2644.5;2644;2644;5
20181210 232600;2644.75;2644.75;2644.75;2644.75;2
20181210 232900;2644;2644;2644;2644;3
20181210 233000;2643.75;2643.75;2643.75;2643.75;7
20181210 233100;2644;2644;2643.25;2643.25;4
20181210 233200;2643;2643;2642.25;2642.5;6
20181210 233300;2641.75;2641.75;2641.5;2641.5;3
20181210 233400;2641.5;2641.5;2640.5;2640.5;9
20181210 233500;2640.5;2641;2640.5;2641;8
20181210 233600;2640.5;2640.5;2640.5;2640.5;1
20181210 233700;2640.25;2640.25;2640.25;2640.25;1
20181210 233800;2640.75;2641;2640.75;2641;3
20181210 233900;2641.25;2641.25;2641.25;2641.25;1
20181210 234000;2640.5;2640.5;2640.5;2640.5;1
20181210 234100;2641.25;2641.5;2641.25;2641.5;2
20181210 234300;2640.75;2640.75;2640.25;2640.25;2
20181210 234600;2640;2640;2640;2640;1
20181210 235000;2641.75;2641.75;2641;2641;3
20181210 235100;2641.25;2641.25;2641.25;2641.25;2
20181210 235200;2641.25;2641.25;2640.75;2640.75;5
20181210 235400;2641.25;2641.25;2641;2641;2
20181211 000200;2642;2642;2641.75;2641.75;2
20181211 000300;2641;2641;2641;2641;1
20181211 000400;2640.25;2641.25;2640.25;2641;8
20181211 000600;2641.25;2641.25;2641.25;2641.25;1
20181211 000700;2642.25;2643.25;2642.25;2642.75;15
20181211 000800;2642.75;2643;2640;2640;44
20181211 000900;2640.25;2640.25;2638.25;2639.75;43
20181211 001000;2639.75;2639.75;2639.75;2639.75;2
20181211 001100;2639.75;2640.25;2639.25;2640;12
20181211 001200;2640.25;2640.25;2640;2640;3
20181211 001300;2639.75;2639.75;2638.5;2638.5;2
20181211 001400;2639.25;2640;2639.25;2639.5;33
20181211 001500;2639.5;2639.75;2639.25;2639.25;21
20181211 001600;2639.25;2640;2639.25;2640;6
20181211 001800;2641;2641.25;2641;2641.25;5
20181211 001900;2641.5;2642;2641.5;2642;12
20181211 002000;2641.5;2641.5;2641.5;2641.5;6
20181211 002100;2641.75;2642.25;2641.75;2642.25;6
20181211 002200;2642.25;2642.25;2641.75;2641.75;19
20181211 002300;2641.25;2641.25;2640.75;2640.75;10
20181211 002400;2640.5;2640.5;2639.75;2639.75;10
20181211 002600;2639;2639.75;2638.75;2639.75;10
20181211 002700;2640.25;2640.25;2640;2640;2
20181211 002800;2640.25;2640.25;2640.25;2640.25;1
20181211 002900;2640;2640.25;2639.75;2639.75;11
20181211 003000;2639.75;2639.75;2638.5;2639.25;42
20181211 003100;2639.25;2639.25;2638.5;2639.25;29
20181211 003200;2640;2640.25;2640;2640.25;3
20181211 003300;2639.5;2639.5;2639.25;2639.5;10
20181211 003400;2639;2639;2639;2639;1
20181211 003500;2639;2639.5;2639;2639;15
20181211 003600;2639;2639;2639;2639;5
20181211 003700;2639;2639.25;2639;2639.25;6
20181211 003800;2639.25;2639.5;2639.25;2639.5;15
20181211 004000;2639;2639;2638.5;2638.5;6
20181211 004100;2638.5;2639.75;2638;2639.75;44
20181211 004200;2639;2639;2638.5;2638.5;10
20181211 004300;2639;2639;2639;2639;2
20181211 004400;2638.75;2639;2638.75;2639;2
20181211 004500;2638.5;2638.75;2638.5;2638.75;2
20181211 004600;2638.5;2638.5;2637.5;2637.5;7
20181211 004700;2638;2638;2637.75;2637.75;5
20181211 005000;2638;2638;2637.25;2637.25;47
20181211 005100;2638;2638;2637.75;2638;8
20181211 005200;2637.5;2637.5;2637.5;2637.5;6
20181211 005300;2637.25;2637.25;2634.75;2636.75;108
20181211 005400;2636;2636;2635.5;2636;12
20181211 005500;2636;2636.25;2635.75;2635.75;23
20181211 005600;2635.75;2636.5;2635.75;2636.5;11
20181211 005700;2635.75;2635.75;2635.75;2635.75;3
20181211 005800;2635.75;2635.75;2635.25;2635.25;7
20181211 005900;2635.75;2636.25;2635.75;2636;8
20181211 010100;2635.75;2636.75;2635.75;2636.75;7
20181211 010200;2637;2637;2636.25;2636.75;14
20181211 010300;2636.75;2636.75;2636.5;2636.5;2
20181211 010400;2637;2637.25;2636.25;2636.25;10
20181211 010500;2636;2636.5;2636;2636.25;23
20181211 010600;2636.25;2636.75;2636.25;2636.75;3
20181211 010700;2636.75;2637.25;2636.75;2637.25;6
20181211 010800;2637.5;2637.75;2637;2637;12
20181211 011000;2636.75;2636.75;2636.75;2636.75;7
20181211 011100;2637;2637.25;2637;2637.25;6
20181211 011200;2637.25;2637.5;2637.25;2637.25;8
20181211 011400;2637.5;2637.75;2637.5;2637.75;7
20181211 011600;2637;2637.5;2636.25;2636.25;77
20181211 011700;2636;2636.25;2634.75;2635.5;102
20181211 011800;2634.5;2634.5;2632.75;2633;53
20181211 011900;2633.25;2633.5;2632.75;2633;22
20181211 012000;2632.25;2632.5;2632.25;2632.5;7
20181211 012100;2633.5;2634.5;2633.5;2634.25;8
20181211 012200;2634.5;2635.25;2634.5;2635.25;4
20181211 012300;2634.25;2634.25;2634.25;2634.25;1
20181211 012400;2634.5;2635;2634.5;2635;8
20181211 012500;2634.5;2634.75;2634.5;2634.75;2
20181211 012600;2634.5;2634.75;2634.5;2634.75;3
20181211 012700;2634.5;2635;2634.5;2635;5
20181211 012800;2635;2636;2635;2636;7
20181211 012900;2635;2635.25;2635;2635.25;5
20181211 013000;2636.5;2637.25;2636;2636;22
20181211 013100;2637.25;2637.25;2637;2637;13
20181211 013200;2637.5;2637.75;2636.75;2636.75;11
20181211 013300;2637.75;2639.75;2637.75;2639.5;20
20181211 013400;2639.25;2641.25;2639.25;2641.25;31
20181211 013500;2641.5;2642.25;2640.5;2641.75;16
20181211 013600;2642.25;2642.25;2641;2641;7
20181211 013700;2642;2644.25;2641.75;2644;36
20181211 013800;2644;2644.75;2643.75;2644.5;54
20181211 013900;2644.5;2645.5;2644.25;2644.25;42
20181211 014000;2644.25;2644.25;2643;2643.25;14
20181211 014100;2643;2643.75;2643;2643.75;4
20181211 014200;2643.5;2645;2643.25;2645;11
20181211 014300;2644.75;2644.75;2643.5;2643.5;26
20181211 014400;2643.5;2643.5;2642.25;2642.75;7
20181211 014500;2642.75;2642.75;2642.5;2642.5;4
20181211 014600;2642;2642.25;2642;2642.25;4
20181211 014700;2642.25;2642.5;2642.25;2642.5;2
20181211 014800;2641.75;2641.75;2641.75;2641.75;1
20181211 014900;2642;2642;2641;2641;8
20181211 015000;2641;2641;2639.5;2639.5;43
20181211 015100;2639;2639.75;2638.5;2639;25
20181211 015200;2638.5;2638.5;2636.75;2636.75;16
20181211 015300;2636.5;2638.5;2636.25;2638;41
20181211 015400;2638;2638.25;2638;2638.25;4
20181211 015500;2638.5;2638.75;2637.5;2638.75;11
20181211 015600;2638.75;2638.75;2637.75;2638;9
20181211 015700;2637.75;2637.75;2636;2636.75;29
20181211 015800;2636.5;2637.5;2636.5;2637.25;11
20181211 015900;2638.25;2638.25;2638;2638;6
20181211 020000;2638.25;2638.25;2638.25;2638.25;1
20181211 020100;2639.25;2640;2639.25;2640;27
20181211 020200;2640;2640;2639;2639;2
20181211 020300;2639.5;2639.5;2639;2639;9
20181211 020400;2639;2639.5;2639;2639.5;3
20181211 020500;2638.25;2638.25;2636.75;2636.75;7
20181211 020600;2637.25;2637.25;2637;2637;6
20181211 020800;2637.5;2637.5;2637.5;2637.5;3
20181211 020900;2637.25;2637.5;2637.25;2637.5;3
20181211 021000;2636.75;2636.75;2636.75;2636.75;5
20181211 021100;2636.5;2637.5;2636.5;2637.25;8
20181211 021200;2638;2638.25;2637.75;2638;13
20181211 021300;2637.25;2637.25;2637;2637;7
20181211 021400;2637;2637;2637;2637;20
20181211 021500;2636.5;2637.75;2636.5;2637.75;3
20181211 021600;2638;2638;2635.5;2635.75;15
20181211 021700;2635.25;2636;2635;2635;16
20181211 021800;2635;2635.5;2635;2635.5;7
20181211 021900;2635.25;2635.25;2635.25;2635.25;2
20181211 022000;2635.25;2635.25;2633.25;2633.25;15
20181211 022100;2634;2634.75;2634;2634.75;11
20181211 022200;2634.75;2635.25;2634.5;2634.5;11
20181211 022300;2634.75;2634.75;2634;2634.5;14
20181211 022400;2634;2634.25;2634;2634;3
20181211 022500;2634;2634;2634;2634;2
20181211 022600;2634.5;2635.25;2634.5;2635.25;9
20181211 022700;2635.25;2635.25;2634.75;2634.75;8
20181211 022800;2635;2635;2634.25;2634.5;12
20181211 022900;2635;2635;2635;2635;3
20181211 023000;2635;2635;2635;2635;5
20181211 023100;2635;2635;2634.25;2634.75;8
20181211 023200;2634.75;2634.75;2634.75;2634.75;2
20181211 023300;2635.5;2635.5;2634.75;2634.75;15
20181211 023400;2634.75;2635.25;2634.75;2635.25;3
20181211 023500;2635;2635.25;2635;2635.25;7
20181211 023600;2634.75;2634.75;2634.5;2634.5;3
20181211 023700;2634.5;2634.5;2633.5;2634;18
20181211 023800;2634.5;2635;2634.5;2635;2
20181211 024000;2634.75;2635;2634.75;2634.75;4
20181211 024100;2635;2635;2635;2635;1
20181211 024400;2636.25;2636.25;2636;2636;18
20181211 024500;2636.75;2636.75;2636.5;2636.75;6
20181211 024600;2636.5;2637;2636.5;2637;9
20181211 024700;2637;2637;2636.5;2636.5;8
20181211 024800;2636.75;2636.75;2636;2636;4
20181211 024900;2636;2636.5;2636;2636.5;5
20181211 025000;2636.5;2636.5;2636.5;2636.5;1
20181211 025100;2636.5;2637;2636.5;2637;5
20181211 025200;2636.5;2636.75;2636.5;2636.75;2
20181211 025300;2636.5;2636.5;2636.5;2636.5;1
20181211 025400;2637;2637;2637;2637;1
20181211 025500;2637;2637.25;2637;2637.25;3
20181211 025600;2637;2637.25;2637;2637.25;3
20181211 025700;2637.25;2637.25;2637.25;2637.25;2
20181211 025800;2637.5;2637.5;2637.25;2637.25;2
20181211 025900;2637.5;2637.5;2637.5;2637.5;1
20181211 030000;2637.5;2637.5;2637.5;2637.5;1
20181211 030200;2637.5;2637.5;2637.5;2637.5;1
20181211 030300;2638;2638.25;2637.75;2638.25;6
20181211 030400;2638.75;2639.75;2638.5;2639.5;41
20181211 030500;2639.5;2639.5;2639;2639;2
20181211 030700;2638;2638;2637.75;2637.75;7
20181211 030800;2637.5;2637.5;2637;2637;5
20181211 030900;2637.5;2637.5;2637;2637.25;7
20181211 031100;2637.25;2637.25;2637.25;2637.25;5
20181211 031200;2637.5;2637.5;2637.5;2637.5;1
20181211 031300;2637.5;2638.5;2637.5;2638.5;3
20181211 031400;2638.5;2639.5;2638.5;2639.25;9
20181211 031500;2639;2639.75;2639;2639.75;5
20181211 031600;2640;2640.5;2640;2640.25;59
20181211 031700;2640.5;2640.5;2640.25;2640.25;7
20181211 031800;2639.75;2640;2639.75;2640;3
20181211 031900;2640.25;2640.25;2640.25;2640.25;2
20181211 032000;2640;2640;2640;2640;2
20181211 032100;2639.5;2639.5;2639.25;2639.25;7
20181211 032200;2639.25;2639.25;2639;2639;3
20181211 032300;2638.25;2638.25;2638.25;2638.25;1
20181211 032400;2638.5;2639;2638.5;2638.75;65
20181211 032500;2638.75;2638.75;2638.75;2638.75;3
20181211 032600;2639;2639;2639;2639;1
20181211 032700;2638.5;2638.5;2637.75;2637.75;5
20181211 032800;2638;2638;2638;2638;1
20181211 033000;2638;2638;2638;2638;2
20181211 033100;2637.75;2638;2637.75;2638;9
20181211 033200;2637.25;2637.75;2637.25;2637.75;3
20181211 033300;2638.75;2638.75;2638.25;2638.5;47
20181211 033400;2638.25;2638.25;2638;2638;4
20181211 033500;2638.25;2638.25;2638.25;2638.25;6
20181211 033600;2637.75;2638;2637.75;2638;5
20181211 033700;2636.5;2637;2636.5;2637;5
20181211 033800;2637.5;2637.5;2637;2637;15
20181211 033900;2637.5;2638;2637.5;2638;3
20181211 034000;2638;2638;2637.75;2637.75;2
20181211 034100;2638;2638;2638;2638;1
20181211 034300;2637.25;2637.75;2637.25;2637.5;3
20181211 034400;2637.5;2637.5;2637.25;2637.25;2
20181211 034500;2637.25;2637.25;2636.25;2636.25;34
20181211 034700;2637.75;2637.75;2637.75;2637.75;1
20181211 034800;2637;2637;2636;2636.25;6
20181211 034900;2635.75;2636.25;2635.75;2636;3
20181211 035000;2636.25;2636.25;2635.75;2635.75;9
20181211 035100;2635.75;2636;2635.75;2636;2
20181211 035200;2635.75;2635.75;2635.75;2635.75;1
20181211 035300;2636.75;2636.75;2636.75;2636.75;1
20181211 035400;2636;2636.25;2636;2636.25;6
20181211 035500;2636.25;2636.25;2636.25;2636.25;2
20181211 035600;2636.5;2636.5;2636.5;2636.5;1
20181211 040200;2635.75;2636;2635.75;2636;3
20181211 040300;2636;2636;2636;2636;1
20181211 040400;2636.5;2636.5;2636.25;2636.25;5
20181211 040500;2636;2636;2636;2636;1
20181211 040600;2636.25;2636.25;2635.5;2635.5;6
20181211 040700;2636;2636;2636;2636;2
20181211 040800;2636.5;2636.5;2636.25;2636.5;4
20181211 040900;2636;2637;2636;2637;4
20181211 041000;2636.75;2636.75;2636.5;2636.5;5
20181211 041100;2636.5;2636.5;2636.5;2636.5;1
20181211 041200;2637;2637;2637;2637;1
20181211 041300;2636.25;2636.25;2636.25;2636.25;1
20181211 041400;2637.25;2637.25;2637.25;2637.25;2
20181211 041500;2636.5;2637;2636.5;2637;2
20181211 041600;2637.5;2637.5;2637;2637;2
20181211 041700;2636.5;2636.5;2636.5;2636.5;1
20181211 041800;2636.25;2636.25;2636.25;2636.25;1
20181211 041900;2636.25;2636.25;2636.25;2636.25;1
20181211 042000;2636.75;2636.75;2636.5;2636.5;20
20181211 042100;2637;2637;2637;2637;1
20181211 042200;2637;2637;2636.75;2636.75;2
20181211 042300;2636.75;2636.75;2636.75;2636.75;7
20181211 042400;2637.25;2637.25;2637.25;2637.25;1
20181211 042600;2637.5;2637.75;2637.5;2637.75;2
20181211 042700;2638.25;2638.5;2638.25;2638.5;6
20181211 042800;2637.75;2637.75;2637.75;2637.75;4
20181211 042900;2637.75;2637.75;2637.75;2637.75;1
20181211 043000;2637.75;2637.75;2637;2637;4
20181211 043100;2637.25;2637.25;2637.25;2637.25;1
20181211 043200;2636.75;2636.75;2636.75;2636.75;1
20181211 043300;2637;2637.25;2637;2637.25;2
20181211 043400;2637;2637;2637;2637;1
20181211 043500;2637.25;2637.25;2637;2637;2
20181211 043600;2637.25;2637.25;2637.25;2637.25;1
20181211 043700;2637.75;2637.75;2637.5;2637.5;2
20181211 043800;2637.25;2637.25;2637.25;2637.25;1
20181211 043900;2637.25;2637.25;2637.25;2637.25;1
20181211 044000;2636.75;2636.75;2636.5;2636.5;2
20181211 044100;2637.25;2637.25;2636.75;2636.75;3
20181211 044200;2636.75;2637;2636.75;2637;2
20181211 044300;2636.75;2637;2636.75;2637;2
20181211 044400;2637;2637;2637;2637;1
20181211 044500;2637.25;2637.75;2637.25;2637.75;5
20181211 044600;2637.75;2638;2637.75;2638;2
20181211 044700;2637.75;2637.75;2637.5;2637.75;4
20181211 044800;2638;2638;2638;2638;1
20181211 044900;2638;2638.25;2638;2638.25;6
20181211 045000;2638.75;2639;2638.75;2639;3
20181211 045100;2639.25;2639.25;2639.25;2639.25;1
20181211 045200;2639;2639;2638.75;2638.75;2
20181211 045300;2639;2639;2638.5;2638.5;4
20181211 045400;2639;2639;2638.75;2638.75;2
20181211 045500;2638.5;2639.25;2638.5;2639.25;5
20181211 045600;2639;2639;2638.75;2639;3
20181211 045700;2638.75;2638.75;2638.25;2638.25;2
20181211 045800;2639;2639;2639;2639;1
